{
 "cells": [
  {
   "cell_type": "code",
   "execution_count": 1,
   "metadata": {},
   "outputs": [],
   "source": [
    "import lumberjack\n",
    "import tree_braider3 as trbr\n",
    "import tree_reader as tr\n",
    "import numpy as np"
   ]
  },
  {
   "cell_type": "code",
   "execution_count": 2,
   "metadata": {},
   "outputs": [],
   "source": [
    "forest = tr.Forest.reconstitute('../forest_johnston_ihmm')"
   ]
  },
  {
   "cell_type": "code",
   "execution_count": 3,
   "metadata": {},
   "outputs": [
    {
     "data": {
      "text/plain": [
       "5769"
      ]
     },
     "execution_count": 3,
     "metadata": {},
     "output_type": "execute_result"
    }
   ],
   "source": [
    "len(forest.roots() + forest.stems())"
   ]
  },
  {
   "cell_type": "code",
   "execution_count": 4,
   "metadata": {
    "scrolled": true
   },
   "outputs": [
    {
     "name": "stdout",
     "output_type": "stream",
     "text": [
      "Computing Data Properties\n",
      "(5769, 1000)\n",
      "BETA_E DEBUG\n",
      "beta_e\n",
      "999\n",
      "BETA_E DEBUG\n",
      "beta_e\n",
      "1314\n",
      "5\n",
      "[0 0 0 ... 4 1 2]\n",
      "[0, 0, 0, 0, 0]\n",
      "State Index Cleanup\n",
      "[0, 1, 2, 3, 4]\n",
      "{0: 0, 1: 1, 2: 2, 3: 3, 4: 4}\n",
      "Computing State Masks\n",
      "PARALLEL BETA E DEBUG\n",
      "1314\n",
      "1314\n",
      "State:0\n",
      "Total nodes:5969\n",
      "BETA E DEBUG\n",
      "1314\n",
      "[0. 0. 0. 0. 0. 0. 0. 0. 0. 0.]\n",
      "[1. 1. 1. 1. 1. 1. 1. 1. 1. 1.]\n",
      "[0. 0. 0. 0. 0. 0. 0. 0. 0. 0.]\n",
      "State:1\n",
      "Total nodes:1448\n",
      "BETA E DEBUG\n",
      "1314\n",
      "[ 0.52774709 14.56410225  0.         15.193299    0.          0.\n",
      "  0.          0.          2.21010458  0.77987361]\n",
      "[219. 261. 264. 263. 214. 247. 278. 266. 284. 266.]\n",
      "[0.0024098  0.05580116 0.         0.0577692  0.         0.\n",
      " 0.         0.         0.00778206 0.00293186]\n",
      "Covariance Debug\n",
      "State occupancy:1448\n",
      "beta_e:1314\n",
      "Estimate\n",
      "[[ 1.13861971e+00 -4.89603064e-05  0.00000000e+00  1.57432674e-03\n",
      "   0.00000000e+00  0.00000000e+00  0.00000000e+00  0.00000000e+00\n",
      "   4.21947811e-04  1.51901752e-04]\n",
      " [-4.89603064e-05  4.53632329e+00  0.00000000e+00 -5.27168371e-02\n",
      "   0.00000000e+00  0.00000000e+00  0.00000000e+00  0.00000000e+00\n",
      "   4.11091635e-04  1.22814899e-03]\n",
      " [ 0.00000000e+00  0.00000000e+00  1.00000000e+00  0.00000000e+00\n",
      "   0.00000000e+00  0.00000000e+00  0.00000000e+00  0.00000000e+00\n",
      "   0.00000000e+00  0.00000000e+00]\n",
      " [ 1.57432674e-03 -5.27168371e-02  0.00000000e+00  1.18612051e+01\n",
      "   0.00000000e+00  0.00000000e+00  0.00000000e+00  0.00000000e+00\n",
      "  -3.15433796e-03 -1.09880115e-03]\n",
      " [ 0.00000000e+00  0.00000000e+00  0.00000000e+00  0.00000000e+00\n",
      "   1.00000000e+00  0.00000000e+00  0.00000000e+00  0.00000000e+00\n",
      "   0.00000000e+00  0.00000000e+00]\n",
      " [ 0.00000000e+00  0.00000000e+00  0.00000000e+00  0.00000000e+00\n",
      "   0.00000000e+00  1.00000000e+00  0.00000000e+00  0.00000000e+00\n",
      "   0.00000000e+00  0.00000000e+00]\n",
      " [ 0.00000000e+00  0.00000000e+00  0.00000000e+00  0.00000000e+00\n",
      "   0.00000000e+00  0.00000000e+00  1.00000000e+00  0.00000000e+00\n",
      "   0.00000000e+00  0.00000000e+00]\n",
      " [ 0.00000000e+00  0.00000000e+00  0.00000000e+00  0.00000000e+00\n",
      "   0.00000000e+00  0.00000000e+00  0.00000000e+00  1.00000000e+00\n",
      "   0.00000000e+00  0.00000000e+00]\n",
      " [ 4.21947811e-04  4.11091635e-04  0.00000000e+00 -3.15433796e-03\n",
      "   0.00000000e+00  0.00000000e+00  0.00000000e+00  0.00000000e+00\n",
      "   1.38266799e+00  5.70396800e-04]\n",
      " [ 1.51901752e-04  1.22814899e-03  0.00000000e+00 -1.09880115e-03\n",
      "   0.00000000e+00  0.00000000e+00  0.00000000e+00  0.00000000e+00\n",
      "   5.70396800e-04  1.30295389e+00]]\n",
      "Prior\n",
      "[[ 1.00000005e+00  4.12599584e-10  0.00000000e+00  4.72672114e-10\n",
      "   4.01200408e-11  0.00000000e+00  0.00000000e+00  0.00000000e+00\n",
      "   6.26043682e-10  7.43442324e-11]\n",
      " [ 4.12599584e-10  1.00000345e+00  0.00000000e+00 -2.67668877e-07\n",
      "   7.44983862e-10  0.00000000e+00  0.00000000e+00  0.00000000e+00\n",
      "  -4.25952142e-08  2.16192129e-09]\n",
      " [ 0.00000000e+00  0.00000000e+00  1.00000000e+00  0.00000000e+00\n",
      "   0.00000000e+00  0.00000000e+00  0.00000000e+00  0.00000000e+00\n",
      "   0.00000000e+00  0.00000000e+00]\n",
      " [ 4.72672114e-10 -2.67668877e-07  0.00000000e+00  1.00001203e+00\n",
      "   5.66149752e-07  0.00000000e+00  0.00000000e+00  0.00000000e+00\n",
      "   8.12523320e-07  1.78544682e-10]\n",
      " [ 4.01200408e-11  7.44983862e-10  0.00000000e+00  5.66149752e-07\n",
      "   1.00000002e+00  0.00000000e+00  0.00000000e+00  0.00000000e+00\n",
      "   9.01404453e-11  5.78514007e-11]\n",
      " [ 0.00000000e+00  0.00000000e+00  0.00000000e+00  0.00000000e+00\n",
      "   0.00000000e+00  1.00000000e+00  0.00000000e+00  0.00000000e+00\n",
      "   0.00000000e+00  0.00000000e+00]\n",
      " [ 0.00000000e+00  0.00000000e+00  0.00000000e+00  0.00000000e+00\n",
      "   0.00000000e+00  0.00000000e+00  1.00000000e+00  0.00000000e+00\n",
      "   0.00000000e+00  0.00000000e+00]\n",
      " [ 0.00000000e+00  0.00000000e+00  0.00000000e+00  0.00000000e+00\n",
      "   0.00000000e+00  0.00000000e+00  0.00000000e+00  1.00000000e+00\n",
      "   0.00000000e+00  0.00000000e+00]\n",
      " [ 6.26043682e-10 -4.25952142e-08  0.00000000e+00  8.12523320e-07\n",
      "   9.01404453e-11  0.00000000e+00  0.00000000e+00  0.00000000e+00\n",
      "   1.00000042e+00  5.69208666e-10]\n",
      " [ 7.43442324e-11  2.16192129e-09  0.00000000e+00  1.78544682e-10\n",
      "   5.78514007e-11  0.00000000e+00  0.00000000e+00  0.00000000e+00\n",
      "   5.69208666e-10  1.00000011e+00]]\n",
      "Posterior\n",
      "[[ 1.07267249e+00 -2.56676255e-05  0.00000000e+00  8.25353272e-04\n",
      "   1.90867971e-11  0.00000000e+00  0.00000000e+00  0.00000000e+00\n",
      "   2.21209722e-04  7.96357115e-05]\n",
      " [-2.56676255e-05  2.85394666e+00  0.00000000e+00 -2.76373395e-02\n",
      "   3.54420273e-10  0.00000000e+00  0.00000000e+00  0.00000000e+00\n",
      "   2.15497725e-04  6.43867694e-04]\n",
      " [ 0.00000000e+00  0.00000000e+00  1.00000000e+00  0.00000000e+00\n",
      "   0.00000000e+00  0.00000000e+00  0.00000000e+00  0.00000000e+00\n",
      "   0.00000000e+00  0.00000000e+00]\n",
      " [ 8.25353272e-04 -2.76373395e-02  0.00000000e+00  6.69407706e+00\n",
      "   2.69341337e-07  0.00000000e+00  0.00000000e+00  0.00000000e+00\n",
      "  -1.65329968e-03 -5.76054971e-04]\n",
      " [ 1.90867971e-11  3.54420273e-10  0.00000000e+00  2.69341337e-07\n",
      "   1.00000001e+00  0.00000000e+00  0.00000000e+00  0.00000000e+00\n",
      "   4.28836152e-11  2.75223536e-11]\n",
      " [ 0.00000000e+00  0.00000000e+00  0.00000000e+00  0.00000000e+00\n",
      "   0.00000000e+00  1.00000000e+00  0.00000000e+00  0.00000000e+00\n",
      "   0.00000000e+00  0.00000000e+00]\n",
      " [ 0.00000000e+00  0.00000000e+00  0.00000000e+00  0.00000000e+00\n",
      "   0.00000000e+00  0.00000000e+00  1.00000000e+00  0.00000000e+00\n",
      "   0.00000000e+00  0.00000000e+00]\n",
      " [ 0.00000000e+00  0.00000000e+00  0.00000000e+00  0.00000000e+00\n",
      "   0.00000000e+00  0.00000000e+00  0.00000000e+00  1.00000000e+00\n",
      "   0.00000000e+00  0.00000000e+00]\n",
      " [ 2.21209722e-04  2.15497725e-04  0.00000000e+00 -1.65329968e-03\n",
      "   4.28836152e-11  0.00000000e+00  0.00000000e+00  0.00000000e+00\n",
      "   1.20061687e+00  2.99035233e-04]\n",
      " [ 7.96357115e-05  6.43867694e-04  0.00000000e+00 -5.76054971e-04\n",
      "   2.75223536e-11  0.00000000e+00  0.00000000e+00  0.00000000e+00\n",
      "   2.99035233e-04  1.15882599e+00]]\n",
      "Determinant debug:\n",
      "752.3340195501504\n",
      "State:2\n",
      "Total nodes:1430\n",
      "BETA E DEBUG\n",
      "1314\n",
      "[ 0.          8.61410308  0.         10.31409273  0.40740798  0.\n",
      "  0.          0.          2.88400134  0.        ]\n",
      "[271. 253. 252. 267. 269. 273. 256. 247. 280. 246.]\n",
      "[0.         0.03404784 0.         0.03862956 0.00151453 0.\n",
      " 0.         0.         0.0103     0.        ]\n",
      "Covariance Debug\n",
      "State occupancy:1430\n",
      "beta_e:1314\n",
      "Estimate\n",
      "[[ 1.00000000e+00  0.00000000e+00  0.00000000e+00  0.00000000e+00\n",
      "   0.00000000e+00  0.00000000e+00  0.00000000e+00  0.00000000e+00\n",
      "   0.00000000e+00  0.00000000e+00]\n",
      " [ 0.00000000e+00  3.05103048e+00  0.00000000e+00 -2.00238509e-02\n",
      "   1.94345133e-04  0.00000000e+00  0.00000000e+00  0.00000000e+00\n",
      "  -2.38272426e-02  0.00000000e+00]\n",
      " [ 0.00000000e+00  0.00000000e+00  1.00000000e+00  0.00000000e+00\n",
      "   0.00000000e+00  0.00000000e+00  0.00000000e+00  0.00000000e+00\n",
      "   0.00000000e+00  0.00000000e+00]\n",
      " [ 0.00000000e+00 -2.00238509e-02  0.00000000e+00  7.60393996e+00\n",
      "   2.73062536e-01  0.00000000e+00  0.00000000e+00  0.00000000e+00\n",
      "   8.10991349e-02  0.00000000e+00]\n",
      " [ 0.00000000e+00  1.94345133e-04  0.00000000e+00  2.73062536e-01\n",
      "   1.04287752e+00  0.00000000e+00  0.00000000e+00  0.00000000e+00\n",
      "   1.32546480e-04  0.00000000e+00]\n",
      " [ 0.00000000e+00  0.00000000e+00  0.00000000e+00  0.00000000e+00\n",
      "   0.00000000e+00  1.00000000e+00  0.00000000e+00  0.00000000e+00\n",
      "   0.00000000e+00  0.00000000e+00]\n",
      " [ 0.00000000e+00  0.00000000e+00  0.00000000e+00  0.00000000e+00\n",
      "   0.00000000e+00  0.00000000e+00  1.00000000e+00  0.00000000e+00\n",
      "   0.00000000e+00  0.00000000e+00]\n",
      " [ 0.00000000e+00  0.00000000e+00  0.00000000e+00  0.00000000e+00\n",
      "   0.00000000e+00  0.00000000e+00  0.00000000e+00  1.00000000e+00\n",
      "   0.00000000e+00  0.00000000e+00]\n",
      " [ 0.00000000e+00 -2.38272426e-02  0.00000000e+00  8.10991349e-02\n",
      "   1.32546480e-04  0.00000000e+00  0.00000000e+00  0.00000000e+00\n",
      "   1.50165981e+00  0.00000000e+00]\n",
      " [ 0.00000000e+00  0.00000000e+00  0.00000000e+00  0.00000000e+00\n",
      "   0.00000000e+00  0.00000000e+00  0.00000000e+00  0.00000000e+00\n",
      "   0.00000000e+00  1.00000000e+00]]\n",
      "Prior\n",
      "[[ 1.00000005e+00  4.12599584e-10  0.00000000e+00  4.72672114e-10\n",
      "   4.01200408e-11  0.00000000e+00  0.00000000e+00  0.00000000e+00\n",
      "   6.26043682e-10  7.43442324e-11]\n",
      " [ 4.12599584e-10  1.00000345e+00  0.00000000e+00 -2.67668877e-07\n",
      "   7.44983862e-10  0.00000000e+00  0.00000000e+00  0.00000000e+00\n",
      "  -4.25952142e-08  2.16192129e-09]\n",
      " [ 0.00000000e+00  0.00000000e+00  1.00000000e+00  0.00000000e+00\n",
      "   0.00000000e+00  0.00000000e+00  0.00000000e+00  0.00000000e+00\n",
      "   0.00000000e+00  0.00000000e+00]\n",
      " [ 4.72672114e-10 -2.67668877e-07  0.00000000e+00  1.00001203e+00\n",
      "   5.66149752e-07  0.00000000e+00  0.00000000e+00  0.00000000e+00\n",
      "   8.12523320e-07  1.78544682e-10]\n",
      " [ 4.01200408e-11  7.44983862e-10  0.00000000e+00  5.66149752e-07\n",
      "   1.00000002e+00  0.00000000e+00  0.00000000e+00  0.00000000e+00\n",
      "   9.01404453e-11  5.78514007e-11]\n",
      " [ 0.00000000e+00  0.00000000e+00  0.00000000e+00  0.00000000e+00\n",
      "   0.00000000e+00  1.00000000e+00  0.00000000e+00  0.00000000e+00\n",
      "   0.00000000e+00  0.00000000e+00]\n",
      " [ 0.00000000e+00  0.00000000e+00  0.00000000e+00  0.00000000e+00\n",
      "   0.00000000e+00  0.00000000e+00  1.00000000e+00  0.00000000e+00\n",
      "   0.00000000e+00  0.00000000e+00]\n",
      " [ 0.00000000e+00  0.00000000e+00  0.00000000e+00  0.00000000e+00\n",
      "   0.00000000e+00  0.00000000e+00  0.00000000e+00  1.00000000e+00\n",
      "   0.00000000e+00  0.00000000e+00]\n",
      " [ 6.26043682e-10 -4.25952142e-08  0.00000000e+00  8.12523320e-07\n",
      "   9.01404453e-11  0.00000000e+00  0.00000000e+00  0.00000000e+00\n",
      "   1.00000042e+00  5.69208666e-10]\n",
      " [ 7.43442324e-11  2.16192129e-09  0.00000000e+00  1.78544682e-10\n",
      "   5.78514007e-11  0.00000000e+00  0.00000000e+00  0.00000000e+00\n"
     ]
    },
    {
     "name": "stdout",
     "output_type": "stream",
     "text": [
      "   5.69208666e-10  1.00000011e+00]]\n",
      "Posterior\n",
      "[[ 1.00000003e+00  1.97578664e-10  0.00000000e+00  2.26345174e-10\n",
      "   1.92120021e-11  0.00000000e+00  0.00000000e+00  0.00000000e+00\n",
      "   2.99789139e-10  3.56007002e-11]\n",
      " [ 1.97578664e-10  2.06886958e+00  0.00000000e+00 -1.04352983e-02\n",
      "   1.01280801e-04  0.00000000e+00  0.00000000e+00  0.00000000e+00\n",
      "  -1.24172788e-02  1.03526406e-09]\n",
      " [ 0.00000000e+00  0.00000000e+00  1.00000000e+00  0.00000000e+00\n",
      "   0.00000000e+00  0.00000000e+00  0.00000000e+00  0.00000000e+00\n",
      "   0.00000000e+00  0.00000000e+00]\n",
      " [ 2.26345174e-10 -1.04352983e-02  0.00000000e+00  4.44156339e+00\n",
      "   1.42303269e-01  0.00000000e+00  0.00000000e+00  0.00000000e+00\n",
      "   4.22641511e-02  8.54984374e-11]\n",
      " [ 1.92120021e-11  1.01280801e-04  0.00000000e+00  1.42303269e-01\n",
      "   1.02234507e+00  0.00000000e+00  0.00000000e+00  0.00000000e+00\n",
      "   6.90749215e-05  2.77028938e-11]\n",
      " [ 0.00000000e+00  0.00000000e+00  0.00000000e+00  0.00000000e+00\n",
      "   0.00000000e+00  1.00000000e+00  0.00000000e+00  0.00000000e+00\n",
      "   0.00000000e+00  0.00000000e+00]\n",
      " [ 0.00000000e+00  0.00000000e+00  0.00000000e+00  0.00000000e+00\n",
      "   0.00000000e+00  0.00000000e+00  1.00000000e+00  0.00000000e+00\n",
      "   0.00000000e+00  0.00000000e+00]\n",
      " [ 0.00000000e+00  0.00000000e+00  0.00000000e+00  0.00000000e+00\n",
      "   0.00000000e+00  0.00000000e+00  0.00000000e+00  1.00000000e+00\n",
      "   0.00000000e+00  0.00000000e+00]\n",
      " [ 2.99789139e-10 -1.24172788e-02  0.00000000e+00  4.22641511e-02\n",
      "   6.90749215e-05  0.00000000e+00  0.00000000e+00  0.00000000e+00\n",
      "   1.26143370e+00  2.72572955e-10]\n",
      " [ 3.56007002e-11  1.03526406e-09  0.00000000e+00  8.54984374e-11\n",
      "   2.77028938e-11  0.00000000e+00  0.00000000e+00  0.00000000e+00\n",
      "   2.72572955e-10  1.00000005e+00]]\n",
      "Determinant debug:\n",
      "741.9807836503373\n",
      "State:3\n",
      "Total nodes:1475\n",
      "BETA E DEBUG\n",
      "1314\n",
      "[ 0.          7.65358268  0.         14.98713714  0.          0.\n",
      "  0.          0.          0.71492988  0.        ]\n",
      "[265. 275. 272. 290. 267. 261. 266. 252. 267. 271.]\n",
      "[0.         0.02783121 0.         0.05167978 0.         0.\n",
      " 0.         0.         0.00267764 0.        ]\n",
      "Covariance Debug\n",
      "State occupancy:1475\n",
      "beta_e:1314\n",
      "Estimate\n",
      "[[ 1.00000000e+00  0.00000000e+00  0.00000000e+00  0.00000000e+00\n",
      "   0.00000000e+00  0.00000000e+00  0.00000000e+00  0.00000000e+00\n",
      "   0.00000000e+00  0.00000000e+00]\n",
      " [ 0.00000000e+00  2.68974879e+00  0.00000000e+00 -6.85522919e-02\n",
      "   0.00000000e+00  0.00000000e+00  0.00000000e+00  0.00000000e+00\n",
      "  -2.62356717e-05  0.00000000e+00]\n",
      " [ 0.00000000e+00  0.00000000e+00  1.00000000e+00  0.00000000e+00\n",
      "   0.00000000e+00  0.00000000e+00  0.00000000e+00  0.00000000e+00\n",
      "   0.00000000e+00  0.00000000e+00]\n",
      " [ 0.00000000e+00 -6.85522919e-02  0.00000000e+00  9.41359171e+00\n",
      "   0.00000000e+00  0.00000000e+00  0.00000000e+00  0.00000000e+00\n",
      "   1.92031677e-03  0.00000000e+00]\n",
      " [ 0.00000000e+00  0.00000000e+00  0.00000000e+00  0.00000000e+00\n",
      "   1.00000000e+00  0.00000000e+00  0.00000000e+00  0.00000000e+00\n",
      "   0.00000000e+00  0.00000000e+00]\n",
      " [ 0.00000000e+00  0.00000000e+00  0.00000000e+00  0.00000000e+00\n",
      "   0.00000000e+00  1.00000000e+00  0.00000000e+00  0.00000000e+00\n",
      "   0.00000000e+00  0.00000000e+00]\n",
      " [ 0.00000000e+00  0.00000000e+00  0.00000000e+00  0.00000000e+00\n",
      "   0.00000000e+00  0.00000000e+00  1.00000000e+00  0.00000000e+00\n",
      "   0.00000000e+00  0.00000000e+00]\n",
      " [ 0.00000000e+00  0.00000000e+00  0.00000000e+00  0.00000000e+00\n",
      "   0.00000000e+00  0.00000000e+00  0.00000000e+00  1.00000000e+00\n",
      "   0.00000000e+00  0.00000000e+00]\n",
      " [ 0.00000000e+00 -2.62356717e-05  0.00000000e+00  1.92031677e-03\n",
      "   0.00000000e+00  0.00000000e+00  0.00000000e+00  0.00000000e+00\n",
      "   1.13579280e+00  0.00000000e+00]\n",
      " [ 0.00000000e+00  0.00000000e+00  0.00000000e+00  0.00000000e+00\n",
      "   0.00000000e+00  0.00000000e+00  0.00000000e+00  0.00000000e+00\n",
      "   0.00000000e+00  1.00000000e+00]]\n",
      "Prior\n",
      "[[ 1.00000005e+00  4.12599584e-10  0.00000000e+00  4.72672114e-10\n",
      "   4.01200408e-11  0.00000000e+00  0.00000000e+00  0.00000000e+00\n",
      "   6.26043682e-10  7.43442324e-11]\n",
      " [ 4.12599584e-10  1.00000345e+00  0.00000000e+00 -2.67668877e-07\n",
      "   7.44983862e-10  0.00000000e+00  0.00000000e+00  0.00000000e+00\n",
      "  -4.25952142e-08  2.16192129e-09]\n",
      " [ 0.00000000e+00  0.00000000e+00  1.00000000e+00  0.00000000e+00\n",
      "   0.00000000e+00  0.00000000e+00  0.00000000e+00  0.00000000e+00\n",
      "   0.00000000e+00  0.00000000e+00]\n",
      " [ 4.72672114e-10 -2.67668877e-07  0.00000000e+00  1.00001203e+00\n",
      "   5.66149752e-07  0.00000000e+00  0.00000000e+00  0.00000000e+00\n",
      "   8.12523320e-07  1.78544682e-10]\n",
      " [ 4.01200408e-11  7.44983862e-10  0.00000000e+00  5.66149752e-07\n",
      "   1.00000002e+00  0.00000000e+00  0.00000000e+00  0.00000000e+00\n",
      "   9.01404453e-11  5.78514007e-11]\n",
      " [ 0.00000000e+00  0.00000000e+00  0.00000000e+00  0.00000000e+00\n",
      "   0.00000000e+00  1.00000000e+00  0.00000000e+00  0.00000000e+00\n",
      "   0.00000000e+00  0.00000000e+00]\n",
      " [ 0.00000000e+00  0.00000000e+00  0.00000000e+00  0.00000000e+00\n",
      "   0.00000000e+00  0.00000000e+00  1.00000000e+00  0.00000000e+00\n",
      "   0.00000000e+00  0.00000000e+00]\n",
      " [ 0.00000000e+00  0.00000000e+00  0.00000000e+00  0.00000000e+00\n",
      "   0.00000000e+00  0.00000000e+00  0.00000000e+00  1.00000000e+00\n",
      "   0.00000000e+00  0.00000000e+00]\n",
      " [ 6.26043682e-10 -4.25952142e-08  0.00000000e+00  8.12523320e-07\n",
      "   9.01404453e-11  0.00000000e+00  0.00000000e+00  0.00000000e+00\n",
      "   1.00000042e+00  5.69208666e-10]\n",
      " [ 7.43442324e-11  2.16192129e-09  0.00000000e+00  1.78544682e-10\n",
      "   5.78514007e-11  0.00000000e+00  0.00000000e+00  0.00000000e+00\n",
      "   5.69208666e-10  1.00000011e+00]]\n",
      "Posterior\n",
      "[[ 1.00000002e+00  1.94390769e-10  0.00000000e+00  2.22693137e-10\n",
      "   1.89020200e-11  0.00000000e+00  0.00000000e+00  0.00000000e+00\n",
      "   2.94952097e-10  3.50262895e-11]\n",
      " [ 1.94390769e-10  1.89364790e+00  0.00000000e+00 -3.62549237e-02\n",
      "   3.50989170e-10  0.00000000e+00  0.00000000e+00  0.00000000e+00\n",
      "  -1.38951545e-05  1.01856026e-09]\n",
      " [ 0.00000000e+00  0.00000000e+00  1.00000000e+00  0.00000000e+00\n",
      "   0.00000000e+00  0.00000000e+00  0.00000000e+00  0.00000000e+00\n",
      "   0.00000000e+00  0.00000000e+00]\n",
      " [ 2.22693137e-10 -3.62549237e-02  0.00000000e+00  5.44964632e+00\n",
      "   2.66733874e-07  0.00000000e+00  0.00000000e+00  0.00000000e+00\n",
      "   1.01596805e-03  8.41189359e-11]\n",
      " [ 1.89020200e-11  3.50989170e-10  0.00000000e+00  2.66733874e-07\n",
      "   1.00000001e+00  0.00000000e+00  0.00000000e+00  0.00000000e+00\n",
      "   4.24684636e-11  2.72559127e-11]\n",
      " [ 0.00000000e+00  0.00000000e+00  0.00000000e+00  0.00000000e+00\n",
      "   0.00000000e+00  1.00000000e+00  0.00000000e+00  0.00000000e+00\n",
      "   0.00000000e+00  0.00000000e+00]\n",
      " [ 0.00000000e+00  0.00000000e+00  0.00000000e+00  0.00000000e+00\n",
      "   0.00000000e+00  0.00000000e+00  1.00000000e+00  0.00000000e+00\n",
      "   0.00000000e+00  0.00000000e+00]\n",
      " [ 0.00000000e+00  0.00000000e+00  0.00000000e+00  0.00000000e+00\n",
      "   0.00000000e+00  0.00000000e+00  0.00000000e+00  1.00000000e+00\n",
      "   0.00000000e+00  0.00000000e+00]\n",
      " [ 2.94952097e-10 -1.38951545e-05  0.00000000e+00  1.01596805e-03\n",
      "   4.24684636e-11  0.00000000e+00  0.00000000e+00  0.00000000e+00\n",
      "   1.07181604e+00  2.68175040e-10]\n",
      " [ 3.50262895e-11  1.01856026e-09  0.00000000e+00  8.41189359e-11\n",
      "   2.72559127e-11  0.00000000e+00  0.00000000e+00  0.00000000e+00\n",
      "   2.68175040e-10  1.00000005e+00]]\n",
      "Determinant debug:\n",
      "750.1243858637521\n",
      "State:4\n",
      "Total nodes:1416\n",
      "BETA E DEBUG\n",
      "1314\n",
      "[ 0.          9.94875696  0.         14.74987871  0.          0.\n",
      "  0.          0.          1.16961522  0.        ]\n",
      "[259. 271. 245. 274. 256. 253. 249. 258. 273. 256.]\n",
      "[0.         0.03671128 0.         0.05383167 0.         0.\n",
      " 0.         0.         0.0042843  0.        ]\n",
      "Covariance Debug\n",
      "State occupancy:1416\n",
      "beta_e:1314\n",
      "Estimate\n",
      "[[1.00000000e+00 0.00000000e+00 0.00000000e+00 0.00000000e+00\n",
      "  0.00000000e+00 0.00000000e+00 0.00000000e+00 0.00000000e+00\n",
      "  0.00000000e+00 0.00000000e+00]\n",
      " [0.00000000e+00 3.25290333e+00 0.00000000e+00 8.00688395e-03\n",
      "  0.00000000e+00 0.00000000e+00 0.00000000e+00 0.00000000e+00\n",
      "  2.75797791e-03 0.00000000e+00]\n",
      " [0.00000000e+00 0.00000000e+00 1.00000000e+00 0.00000000e+00\n",
      "  0.00000000e+00 0.00000000e+00 0.00000000e+00 0.00000000e+00\n",
      "  0.00000000e+00 0.00000000e+00]\n",
      " [0.00000000e+00 8.00688395e-03 0.00000000e+00 9.59836338e+00\n",
      "  0.00000000e+00 0.00000000e+00 0.00000000e+00 0.00000000e+00\n",
      "  3.97957134e-01 0.00000000e+00]\n",
      " [0.00000000e+00 0.00000000e+00 0.00000000e+00 0.00000000e+00\n",
      "  1.00000000e+00 0.00000000e+00 0.00000000e+00 0.00000000e+00\n",
      "  0.00000000e+00 0.00000000e+00]\n",
      " [0.00000000e+00 0.00000000e+00 0.00000000e+00 0.00000000e+00\n",
      "  0.00000000e+00 1.00000000e+00 0.00000000e+00 0.00000000e+00\n",
      "  0.00000000e+00 0.00000000e+00]\n",
      " [0.00000000e+00 0.00000000e+00 0.00000000e+00 0.00000000e+00\n",
      "  0.00000000e+00 0.00000000e+00 1.00000000e+00 0.00000000e+00\n",
      "  0.00000000e+00 0.00000000e+00]\n",
      " [0.00000000e+00 0.00000000e+00 0.00000000e+00 0.00000000e+00\n",
      "  0.00000000e+00 0.00000000e+00 0.00000000e+00 1.00000000e+00\n",
      "  0.00000000e+00 0.00000000e+00]\n",
      " [0.00000000e+00 2.75797791e-03 0.00000000e+00 3.97957134e-01\n",
      "  0.00000000e+00 0.00000000e+00 0.00000000e+00 0.00000000e+00\n",
      "  1.18808841e+00 0.00000000e+00]\n",
      " [0.00000000e+00 0.00000000e+00 0.00000000e+00 0.00000000e+00\n",
      "  0.00000000e+00 0.00000000e+00 0.00000000e+00 0.00000000e+00\n"
     ]
    },
    {
     "name": "stdout",
     "output_type": "stream",
     "text": [
      "  0.00000000e+00 1.00000000e+00]]\n",
      "Prior\n",
      "[[ 1.00000005e+00  4.12599584e-10  0.00000000e+00  4.72672114e-10\n",
      "   4.01200408e-11  0.00000000e+00  0.00000000e+00  0.00000000e+00\n",
      "   6.26043682e-10  7.43442324e-11]\n",
      " [ 4.12599584e-10  1.00000345e+00  0.00000000e+00 -2.67668877e-07\n",
      "   7.44983862e-10  0.00000000e+00  0.00000000e+00  0.00000000e+00\n",
      "  -4.25952142e-08  2.16192129e-09]\n",
      " [ 0.00000000e+00  0.00000000e+00  1.00000000e+00  0.00000000e+00\n",
      "   0.00000000e+00  0.00000000e+00  0.00000000e+00  0.00000000e+00\n",
      "   0.00000000e+00  0.00000000e+00]\n",
      " [ 4.72672114e-10 -2.67668877e-07  0.00000000e+00  1.00001203e+00\n",
      "   5.66149752e-07  0.00000000e+00  0.00000000e+00  0.00000000e+00\n",
      "   8.12523320e-07  1.78544682e-10]\n",
      " [ 4.01200408e-11  7.44983862e-10  0.00000000e+00  5.66149752e-07\n",
      "   1.00000002e+00  0.00000000e+00  0.00000000e+00  0.00000000e+00\n",
      "   9.01404453e-11  5.78514007e-11]\n",
      " [ 0.00000000e+00  0.00000000e+00  0.00000000e+00  0.00000000e+00\n",
      "   0.00000000e+00  1.00000000e+00  0.00000000e+00  0.00000000e+00\n",
      "   0.00000000e+00  0.00000000e+00]\n",
      " [ 0.00000000e+00  0.00000000e+00  0.00000000e+00  0.00000000e+00\n",
      "   0.00000000e+00  0.00000000e+00  1.00000000e+00  0.00000000e+00\n",
      "   0.00000000e+00  0.00000000e+00]\n",
      " [ 0.00000000e+00  0.00000000e+00  0.00000000e+00  0.00000000e+00\n",
      "   0.00000000e+00  0.00000000e+00  0.00000000e+00  1.00000000e+00\n",
      "   0.00000000e+00  0.00000000e+00]\n",
      " [ 6.26043682e-10 -4.25952142e-08  0.00000000e+00  8.12523320e-07\n",
      "   9.01404453e-11  0.00000000e+00  0.00000000e+00  0.00000000e+00\n",
      "   1.00000042e+00  5.69208666e-10]\n",
      " [ 7.43442324e-11  2.16192129e-09  0.00000000e+00  1.78544682e-10\n",
      "   5.78514007e-11  0.00000000e+00  0.00000000e+00  0.00000000e+00\n",
      "   5.69208666e-10  1.00000011e+00]]\n",
      "Posterior\n",
      "[[1.00000003e+00 1.98591888e-10 0.00000000e+00 2.27505919e-10\n",
      "  1.93105251e-11 0.00000000e+00 0.00000000e+00 0.00000000e+00\n",
      "  3.01326520e-10 3.57832679e-11]\n",
      " [1.98591888e-10 2.16854053e+00 0.00000000e+00 4.15289229e-03\n",
      "  3.58574650e-10 0.00000000e+00 0.00000000e+00 0.00000000e+00\n",
      "  1.43049112e-03 1.04057310e-09]\n",
      " [0.00000000e+00 0.00000000e+00 1.00000000e+00 0.00000000e+00\n",
      "  0.00000000e+00 0.00000000e+00 0.00000000e+00 0.00000000e+00\n",
      "  0.00000000e+00 0.00000000e+00]\n",
      " [2.27505919e-10 4.15289229e-03 0.00000000e+00 5.45981625e+00\n",
      "  2.72498452e-07 0.00000000e+00 0.00000000e+00 0.00000000e+00\n",
      "  2.06413322e-01 8.59368909e-11]\n",
      " [1.93105251e-11 3.58574650e-10 0.00000000e+00 2.72498452e-07\n",
      "  1.00000001e+00 0.00000000e+00 0.00000000e+00 0.00000000e+00\n",
      "  4.33862802e-11 2.78449599e-11]\n",
      " [0.00000000e+00 0.00000000e+00 0.00000000e+00 0.00000000e+00\n",
      "  0.00000000e+00 1.00000000e+00 0.00000000e+00 0.00000000e+00\n",
      "  0.00000000e+00 0.00000000e+00]\n",
      " [0.00000000e+00 0.00000000e+00 0.00000000e+00 0.00000000e+00\n",
      "  0.00000000e+00 0.00000000e+00 1.00000000e+00 0.00000000e+00\n",
      "  0.00000000e+00 0.00000000e+00]\n",
      " [0.00000000e+00 0.00000000e+00 0.00000000e+00 0.00000000e+00\n",
      "  0.00000000e+00 0.00000000e+00 0.00000000e+00 1.00000000e+00\n",
      "  0.00000000e+00 0.00000000e+00]\n",
      " [3.01326520e-10 1.43049112e-03 0.00000000e+00 2.06413322e-01\n",
      "  4.33862802e-11 0.00000000e+00 0.00000000e+00 0.00000000e+00\n",
      "  1.09755815e+00 2.73970765e-10]\n",
      " [3.57832679e-11 1.04057310e-09 0.00000000e+00 8.59368909e-11\n",
      "  2.78449599e-11 0.00000000e+00 0.00000000e+00 0.00000000e+00\n",
      "  2.73970765e-10 1.00000005e+00]]\n",
      "Determinant debug:\n",
      "732.6654423911503\n",
      "Covariance Debug\n",
      "State occupancy:5969\n",
      "beta_e:1314\n",
      "Estimate\n",
      "[[1. 0. 0. 0. 0. 0. 0. 0. 0. 0.]\n",
      " [0. 1. 0. 0. 0. 0. 0. 0. 0. 0.]\n",
      " [0. 0. 1. 0. 0. 0. 0. 0. 0. 0.]\n",
      " [0. 0. 0. 1. 0. 0. 0. 0. 0. 0.]\n",
      " [0. 0. 0. 0. 1. 0. 0. 0. 0. 0.]\n",
      " [0. 0. 0. 0. 0. 1. 0. 0. 0. 0.]\n",
      " [0. 0. 0. 0. 0. 0. 1. 0. 0. 0.]\n",
      " [0. 0. 0. 0. 0. 0. 0. 1. 0. 0.]\n",
      " [0. 0. 0. 0. 0. 0. 0. 0. 1. 0.]\n",
      " [0. 0. 0. 0. 0. 0. 0. 0. 0. 1.]]\n",
      "Prior\n",
      "[[ 1.00000005e+00  4.12599584e-10  0.00000000e+00  4.72672114e-10\n",
      "   4.01200408e-11  0.00000000e+00  0.00000000e+00  0.00000000e+00\n",
      "   6.26043682e-10  7.43442324e-11]\n",
      " [ 4.12599584e-10  1.00000345e+00  0.00000000e+00 -2.67668877e-07\n",
      "   7.44983862e-10  0.00000000e+00  0.00000000e+00  0.00000000e+00\n",
      "  -4.25952142e-08  2.16192129e-09]\n",
      " [ 0.00000000e+00  0.00000000e+00  1.00000000e+00  0.00000000e+00\n",
      "   0.00000000e+00  0.00000000e+00  0.00000000e+00  0.00000000e+00\n",
      "   0.00000000e+00  0.00000000e+00]\n",
      " [ 4.72672114e-10 -2.67668877e-07  0.00000000e+00  1.00001203e+00\n",
      "   5.66149752e-07  0.00000000e+00  0.00000000e+00  0.00000000e+00\n",
      "   8.12523320e-07  1.78544682e-10]\n",
      " [ 4.01200408e-11  7.44983862e-10  0.00000000e+00  5.66149752e-07\n",
      "   1.00000002e+00  0.00000000e+00  0.00000000e+00  0.00000000e+00\n",
      "   9.01404453e-11  5.78514007e-11]\n",
      " [ 0.00000000e+00  0.00000000e+00  0.00000000e+00  0.00000000e+00\n",
      "   0.00000000e+00  1.00000000e+00  0.00000000e+00  0.00000000e+00\n",
      "   0.00000000e+00  0.00000000e+00]\n",
      " [ 0.00000000e+00  0.00000000e+00  0.00000000e+00  0.00000000e+00\n",
      "   0.00000000e+00  0.00000000e+00  1.00000000e+00  0.00000000e+00\n",
      "   0.00000000e+00  0.00000000e+00]\n",
      " [ 0.00000000e+00  0.00000000e+00  0.00000000e+00  0.00000000e+00\n",
      "   0.00000000e+00  0.00000000e+00  0.00000000e+00  1.00000000e+00\n",
      "   0.00000000e+00  0.00000000e+00]\n",
      " [ 6.26043682e-10 -4.25952142e-08  0.00000000e+00  8.12523320e-07\n",
      "   9.01404453e-11  0.00000000e+00  0.00000000e+00  0.00000000e+00\n",
      "   1.00000042e+00  5.69208666e-10]\n",
      " [ 7.43442324e-11  2.16192129e-09  0.00000000e+00  1.78544682e-10\n",
      "   5.78514007e-11  0.00000000e+00  0.00000000e+00  0.00000000e+00\n",
      "   5.69208666e-10  1.00000011e+00]]\n",
      "Posterior\n",
      "[[ 1.00000001e+00  7.44412816e-11  0.00000000e+00  8.52795768e-11\n",
      "   7.23846405e-12  0.00000000e+00  0.00000000e+00  0.00000000e+00\n",
      "   1.12950899e-10  1.34131981e-11]\n",
      " [ 7.44412816e-11  1.00000062e+00  0.00000000e+00 -4.82928607e-08\n",
      "   1.34410105e-10  0.00000000e+00  0.00000000e+00  0.00000000e+00\n",
      "  -7.68503521e-09  3.90054177e-10]\n",
      " [ 0.00000000e+00  0.00000000e+00  1.00000000e+00  0.00000000e+00\n",
      "   0.00000000e+00  0.00000000e+00  0.00000000e+00  0.00000000e+00\n",
      "   0.00000000e+00  0.00000000e+00]\n",
      " [ 8.52795768e-11 -4.82928607e-08  0.00000000e+00  1.00000217e+00\n",
      "   1.02144827e-07  0.00000000e+00  0.00000000e+00  0.00000000e+00\n",
      "   1.46595585e-07  3.22130595e-11]\n",
      " [ 7.23846405e-12  1.34410105e-10  0.00000000e+00  1.02144827e-07\n",
      "   1.00000000e+00  0.00000000e+00  0.00000000e+00  0.00000000e+00\n",
      "   1.62631532e-11  1.04375588e-11]\n",
      " [ 0.00000000e+00  0.00000000e+00  0.00000000e+00  0.00000000e+00\n",
      "   0.00000000e+00  1.00000000e+00  0.00000000e+00  0.00000000e+00\n",
      "   0.00000000e+00  0.00000000e+00]\n",
      " [ 0.00000000e+00  0.00000000e+00  0.00000000e+00  0.00000000e+00\n",
      "   0.00000000e+00  0.00000000e+00  1.00000000e+00  0.00000000e+00\n",
      "   0.00000000e+00  0.00000000e+00]\n",
      " [ 0.00000000e+00  0.00000000e+00  0.00000000e+00  0.00000000e+00\n",
      "   0.00000000e+00  0.00000000e+00  0.00000000e+00  1.00000000e+00\n",
      "   0.00000000e+00  0.00000000e+00]\n",
      " [ 1.12950899e-10 -7.68503521e-09  0.00000000e+00  1.46595585e-07\n",
      "   1.62631532e-11  0.00000000e+00  0.00000000e+00  0.00000000e+00\n",
      "   1.00000008e+00  1.02696717e-10]\n",
      " [ 1.34131981e-11  3.90054177e-10  0.00000000e+00  3.22130595e-11\n",
      "   1.04375588e-11  0.00000000e+00  0.00000000e+00  0.00000000e+00\n",
      "   1.02696717e-10  1.00000002e+00]]\n",
      "Determinant debug:\n",
      "0.002393567421065767\n",
      "Recomputing Transition Counts\n",
      "Recomputing oracle transition count\n",
      "Recomputing oracle transition count\n",
      "Sampling Hypers\n",
      "BETA_E DEBUG\n",
      "beta_e\n",
      "999\n",
      "BETA_E DEBUG\n",
      "beta_e\n",
      "1250\n",
      "Beta:1\n",
      "Gamma:1\n",
      "State:0\n",
      "Total nodes:5969\n",
      "BETA E DEBUG\n",
      "1250\n",
      "[0. 0. 0. 0. 0. 0. 0. 0. 0. 0.]\n",
      "[1. 1. 1. 1. 1. 1. 1. 1. 1. 1.]\n",
      "[0. 0. 0. 0. 0. 0. 0. 0. 0. 0.]\n",
      "State:1\n",
      "Total nodes:1448\n",
      "BETA E DEBUG\n",
      "1250\n",
      "[ 0.52774709 14.56410225  0.         15.193299    0.          0.\n",
      "  0.          0.          2.21010458  0.77987361]\n",
      "[219. 261. 264. 263. 214. 247. 278. 266. 284. 266.]\n",
      "[0.0024098  0.05580116 0.         0.0577692  0.         0.\n",
      " 0.         0.         0.00778206 0.00293186]\n",
      "Covariance Debug\n",
      "State occupancy:1448\n",
      "beta_e:1250\n",
      "Estimate\n",
      "[[ 1.13861971e+00 -4.89603064e-05  0.00000000e+00  1.57432674e-03\n",
      "   0.00000000e+00  0.00000000e+00  0.00000000e+00  0.00000000e+00\n",
      "   4.21947811e-04  1.51901752e-04]\n",
      " [-4.89603064e-05  4.53632329e+00  0.00000000e+00 -5.27168371e-02\n",
      "   0.00000000e+00  0.00000000e+00  0.00000000e+00  0.00000000e+00\n",
      "   4.11091635e-04  1.22814899e-03]\n",
      " [ 0.00000000e+00  0.00000000e+00  1.00000000e+00  0.00000000e+00\n",
      "   0.00000000e+00  0.00000000e+00  0.00000000e+00  0.00000000e+00\n",
      "   0.00000000e+00  0.00000000e+00]\n",
      " [ 1.57432674e-03 -5.27168371e-02  0.00000000e+00  1.18612051e+01\n",
      "   0.00000000e+00  0.00000000e+00  0.00000000e+00  0.00000000e+00\n",
      "  -3.15433796e-03 -1.09880115e-03]\n",
      " [ 0.00000000e+00  0.00000000e+00  0.00000000e+00  0.00000000e+00\n",
      "   1.00000000e+00  0.00000000e+00  0.00000000e+00  0.00000000e+00\n",
      "   0.00000000e+00  0.00000000e+00]\n",
      " [ 0.00000000e+00  0.00000000e+00  0.00000000e+00  0.00000000e+00\n",
      "   0.00000000e+00  1.00000000e+00  0.00000000e+00  0.00000000e+00\n",
      "   0.00000000e+00  0.00000000e+00]\n",
      " [ 0.00000000e+00  0.00000000e+00  0.00000000e+00  0.00000000e+00\n",
      "   0.00000000e+00  0.00000000e+00  1.00000000e+00  0.00000000e+00\n",
      "   0.00000000e+00  0.00000000e+00]\n",
      " [ 0.00000000e+00  0.00000000e+00  0.00000000e+00  0.00000000e+00\n",
      "   0.00000000e+00  0.00000000e+00  0.00000000e+00  1.00000000e+00\n",
      "   0.00000000e+00  0.00000000e+00]\n",
      " [ 4.21947811e-04  4.11091635e-04  0.00000000e+00 -3.15433796e-03\n",
      "   0.00000000e+00  0.00000000e+00  0.00000000e+00  0.00000000e+00\n",
      "   1.38266799e+00  5.70396800e-04]\n",
      " [ 1.51901752e-04  1.22814899e-03  0.00000000e+00 -1.09880115e-03\n",
      "   0.00000000e+00  0.00000000e+00  0.00000000e+00  0.00000000e+00\n"
     ]
    },
    {
     "name": "stdout",
     "output_type": "stream",
     "text": [
      "   5.70396800e-04  1.30295389e+00]]\n",
      "Prior\n",
      "[[ 1.26811459e+00 -6.41493878e-06  0.00000000e+00  2.06297843e-04\n",
      "   7.13257921e-11  0.00000000e+00  0.00000000e+00  0.00000000e+00\n",
      "   5.52924109e-05  1.99050702e-05]\n",
      " [-6.41493878e-06  2.49595647e+00  0.00000000e+00 -1.75405076e-02\n",
      "   2.53163726e-05  0.00000000e+00  0.00000000e+00  0.00000000e+00\n",
      "  -2.69581254e-03  1.60938323e-04]\n",
      " [ 0.00000000e+00  0.00000000e+00  1.24995001e+00  0.00000000e+00\n",
      "   0.00000000e+00  0.00000000e+00  0.00000000e+00  0.00000000e+00\n",
      "   0.00000000e+00  0.00000000e+00]\n",
      " [ 2.06297843e-04 -1.75405076e-02  0.00000000e+00  5.76033934e+00\n",
      "   3.55696423e-02  0.00000000e+00  0.00000000e+00  0.00000000e+00\n",
      "   6.19986931e-02 -1.43984649e-04]\n",
      " [ 7.13257921e-11  2.53163726e-05  0.00000000e+00  3.55696423e-02\n",
      "   1.25553519e+00  0.00000000e+00  0.00000000e+00  0.00000000e+00\n",
      "   1.72654268e-05  1.02848773e-10]\n",
      " [ 0.00000000e+00  0.00000000e+00  0.00000000e+00  0.00000000e+00\n",
      "   0.00000000e+00  1.24995001e+00  0.00000000e+00  0.00000000e+00\n",
      "   0.00000000e+00  0.00000000e+00]\n",
      " [ 0.00000000e+00  0.00000000e+00  0.00000000e+00  0.00000000e+00\n",
      "   0.00000000e+00  0.00000000e+00  1.24995001e+00  0.00000000e+00\n",
      "   0.00000000e+00  0.00000000e+00]\n",
      " [ 0.00000000e+00  0.00000000e+00  0.00000000e+00  0.00000000e+00\n",
      "   0.00000000e+00  0.00000000e+00  0.00000000e+00  1.24995001e+00\n",
      "   0.00000000e+00  0.00000000e+00]\n",
      " [ 5.52924109e-05 -2.69581254e-03  0.00000000e+00  6.19986931e-02\n",
      "   1.72654268e-05  0.00000000e+00  0.00000000e+00  0.00000000e+00\n",
      "   1.40777518e+00  7.47448038e-05]\n",
      " [ 1.99050702e-05  1.60938323e-04  0.00000000e+00 -1.43984649e-04\n",
      "   1.02848773e-10  0.00000000e+00  0.00000000e+00  0.00000000e+00\n",
      "   7.47448038e-05  1.28964875e+00]]\n",
      "Posterior\n",
      "[[ 1.19861548e+00 -2.92487758e-05  0.00000000e+00  9.40510534e-04\n",
      "   3.30456783e-11  0.00000000e+00  0.00000000e+00  0.00000000e+00\n",
      "   2.52074108e-04  9.07468774e-05]\n",
      " [-2.92487758e-05  3.59100879e+00  0.00000000e+00 -3.64194272e-02\n",
      "   1.17292312e-05  0.00000000e+00  0.00000000e+00  0.00000000e+00\n",
      "  -1.02835619e-03  7.33703719e-04]\n",
      " [ 0.00000000e+00  0.00000000e+00  1.11580338e+00  0.00000000e+00\n",
      "   0.00000000e+00  0.00000000e+00  0.00000000e+00  0.00000000e+00\n",
      "   0.00000000e+00  0.00000000e+00]\n",
      " [ 9.40510534e-04 -3.64194272e-02  0.00000000e+00  9.03463647e+00\n",
      "   1.64796341e-02  0.00000000e+00  0.00000000e+00  0.00000000e+00\n",
      "   2.70314622e-02 -6.56428790e-04]\n",
      " [ 3.30456783e-11  1.17292312e-05  0.00000000e+00  1.64796341e-02\n",
      "   1.11839102e+00  0.00000000e+00  0.00000000e+00  0.00000000e+00\n",
      "   7.99917846e-06  4.76504694e-11]\n",
      " [ 0.00000000e+00  0.00000000e+00  0.00000000e+00  0.00000000e+00\n",
      "   0.00000000e+00  1.11580338e+00  0.00000000e+00  0.00000000e+00\n",
      "   0.00000000e+00  0.00000000e+00]\n",
      " [ 0.00000000e+00  0.00000000e+00  0.00000000e+00  0.00000000e+00\n",
      "   0.00000000e+00  0.00000000e+00  1.11580338e+00  0.00000000e+00\n",
      "   0.00000000e+00  0.00000000e+00]\n",
      " [ 0.00000000e+00  0.00000000e+00  0.00000000e+00  0.00000000e+00\n",
      "   0.00000000e+00  0.00000000e+00  0.00000000e+00  1.11580338e+00\n",
      "   0.00000000e+00  0.00000000e+00]\n",
      " [ 2.52074108e-04 -1.02835619e-03  0.00000000e+00  2.70314622e-02\n",
      "   7.99917846e-06  0.00000000e+00  0.00000000e+00  0.00000000e+00\n",
      "   1.39430031e+00  3.40758181e-04]\n",
      " [ 9.07468774e-05  7.33703719e-04  0.00000000e+00 -6.56428790e-04\n",
      "   4.76504694e-11  0.00000000e+00  0.00000000e+00  0.00000000e+00\n",
      "   3.40758181e-04  1.29678954e+00]]\n",
      "Determinant debug:\n",
      "1025.697716711594\n",
      "State:2\n",
      "Total nodes:1430\n",
      "BETA E DEBUG\n",
